0.143983305
-0.033230577
-0.017183179
-0.017482273
0.131189272
0.015143255
-0.000610305
-0.052082714
-0.019955693
0.019457933
-0.049878586
0.071419865
0.029545622
-0.011122726
-0.087833002
0.094941348
0.229286090
0.149193093
-0.100412063
-0.027507594
0.083453625
0.037265517
-0.200111434
0.055333819
-0.029717922
-0.105310157
-0.022882970
-0.005990577
0.150764376
-0.114283122
0.039729133
-0.126658097
-0.119270638
-0.013548956
-0.153135866
0.126972914
0.034090526
-0.113793127
0.119086877
0.030136514
0.059190325
-0.017816473
0.205897301
-0.115185603
-0.101502992
0.188175648
0.025398724
-0.173451051
0.082662702
0.262435406
0.079716243
-0.116096541
0.212661698
0.062043998
-0.085841626
-0.126746371
-0.050712280
0.040166814
0.122311555
-0.075680375
-0.012393078
-0.076826870
-0.145941734
0.296765506
-0.024974043
-0.052766521
0.012216570
0.055371903
0.141626462
0.053000618
0.141276136
0.001003228
0.074504167
-0.129325613
0.208306834
-0.041884881
0.020087129
0.173332408
0.000132999
0.057842445
-0.001885655
0.154313475
-0.155597657
-0.139720932
