-0.426801264
0.044585384
0.358888477
0.188250601
0.242054194
0.563313305
-0.257941693
-0.076310828
-0.366700232
-0.181128725
0.209091529
-0.457667500
0.518632293
-0.561746240
0.245822296
-0.592750013
-0.039387021
0.572386861
0.091896892
0.253758669
-0.582487285
0.039074171
-0.340749264
0.568728745
-0.091069661
0.503836155
-0.027493441
-0.452828854
-0.059147697
-0.374175191
0.112854995
-0.396908671
-0.343978345
0.073784254
0.100054055
0.268484533
0.395083189
-0.210765854
-0.404536843
0.348615050
0.235307455
0.020047860
0.085701711
0.160640180
-0.126422510
0.421883732
0.468813211
-0.122539565
-0.304106653
-0.500006557
-0.456174016
-0.442448795
-0.175860688
-0.080068059
0.430008590
0.489669800
0.511447191
0.094486073
-0.290103227
-0.525569677
-0.273104608
0.383070230
-0.351068884
0.248383522
0.271128625
0.020467779
-0.075711131
-0.019186556
-0.468634844
0.159492344
0.140834585
-0.008122980
-0.062009532
0.073571488
-0.377703846
-0.102763027
0.330113143
-0.440414667
-0.163889349
0.398158461
0.599809051
-0.347676754
-0.259247810
0.416538745
0.164540008
-0.049475729
0.247253567
-0.356898367
-0.401867419
-0.304419130
0.568067789
-0.065168761
-0.297984451
0.387204438
-0.496473581
-0.018667981
-0.309550852
0.271981806
-0.247004300
0.169436514
0.693634391
0.311522543
-0.501087308
-0.191210374
-0.053114925
0.176432371
-0.088385701
0.116456926
-0.008039691
-0.396572948
0.267552704
-0.163790181
0.028024726
0.207655996
0.552436113
-0.101040341
-0.270700723
0.275815278
-0.431119412
0.252915293
0.174557850
-0.506183863
0.648754716
-0.321100891
0.162858963
-0.169433400
0.236165449
0.316491216
-0.195925444
-0.236931458
0.490972072
0.355646849
0.450608730
-0.415811718
-0.019710056
-0.497857898
-0.128154308
0.213159278
0.601830304
-0.204894081
-0.144738957
0.396765560
0.244023234
0.397878259
0.068561226
-0.706109285
-0.579976439
-0.008991462
0.028059047
0.141607940
0.480399042
0.456005305
-0.064419650
-0.283459902
-0.360558957
0.037940465
0.218061313
0.601608813
-0.209012181
-0.488643378
-0.318324059
0.177344412
0.641316533
-0.422389001
0.202865377
-0.257989585
-0.478167653
0.027374968
-0.341418326
0.525120258
0.833536983
-0.020494966
0.734676182
-0.443804204
-0.297778517
-0.147504389
-0.360129416
0.446054995
-0.304489940
-0.579939544
0.466320097
-0.294112235
0.627530932
0.185462281
0.232217029
-0.198556989
-0.197839364
0.043328308
-0.120069668
-0.232020214
-0.316993803
-0.380201429
-0.219424039
0.177947775
-0.157819286
-0.099944063
0.214214534
0.154787853
-0.200257421
0.175470993
-0.069478348
0.243500188
-0.527716756
-0.136598289
0.067325078
-0.179023981
-0.132031485
0.654455066
-0.194820523
0.035310306
-0.637584865
-0.189133734
0.779981673
0.083106034
0.322052091
-0.342173666
-0.479447037
-0.015091190
0.096145846
-0.014833115
0.339645743
-0.474043220
-0.141662583
0.417941004
0.248951063
0.117799371
0.095391400
-0.449520499
-0.026565118
0.542044818
-0.031748615
0.565586030
-0.445571274
-0.082259893
0.258751184
0.108376175
-0.064570703
-0.032383163
-0.273558468
0.084760509
-0.298906147
-0.458116323
-0.093453459
-0.104856327
-0.347833902
0.271047920
0.323877782
0.273477077
-0.044145491
0.079428740
0.342984796
-0.399008662
0.204381421
0.283095151
-0.542008162
0.311880529
0.414615393
-0.022028066
0.589763343
-0.255584449
0.321359247
-0.547371626
-0.127364442
0.266961604
-0.552675188
0.473429382
0.111410379
0.000688645
0.052578442
0.045431666
0.192919582
-0.290185660
0.086919829
0.164697304
0.296179146
0.336309433
0.535900891
-0.154243544
-0.222921044
-0.407485217
0.006635988
0.029059919
-0.386742085
0.571116090
0.100199424
0.442348987
-0.307750225
0.408004940
-0.511298954
0.265995324
-0.448410660
-0.121489152
0.505341947
-0.281827211
-0.430757135
-0.124538809
0.655750453
0.151278153
0.478853762
-0.544186473
0.338044822
0.497354507
-0.151323229
-0.305997908
0.204317361
-0.481562912
0.130499125
-0.174021542
-0.231299296
-0.156595588
-0.110403061
-0.396424919
-0.264324069
0.178384766
-0.067425154
0.179586262
-0.338616550
0.415554613
0.314485341
-0.329756141
0.692991376
-0.588729441
0.085939936
0.359977633
-0.148378029
-0.071955062
0.216265127
-0.266531497
0.386123478
0.262924850
0.084162854
0.380762249
-0.023623254
-0.226447791
0.657134533
-0.399317563
0.315277100
0.297120541
-0.238387987
-0.435164928
0.165745601
0.102603935
-0.220653117
-0.176152766
-0.304606110
0.237364143
0.178224266
-0.620449007
0.531044900
-0.261333227
-0.210221052
-0.299563199
0.489244610
-0.172916085
-0.201353937
-0.223157421
-0.529473960
0.300688714
0.082818083
0.205787256
0.124689586
0.025267946
-0.220415339
-0.113511272
0.207787082
-0.535115063
-0.083232999
0.301359683
-0.395789176
0.029363539
-0.043093380
0.083200358
0.033929233
-0.178622663
0.435757339
0.272681475
0.313777059
-0.379805297
-0.230863288
-0.392055333
0.162414551
-0.073599868
-0.105662078
0.488119036
0.237719387
0.442576468
-0.631866097
0.334051728
-0.107482068
0.440660149
-0.054304563
-0.372447968
-0.333817184
-0.089945875
-0.463959992
0.168645531
0.379990250
0.289038271
0.383083373
-0.110516287
-0.381044954
0.393943697
-0.059489846
-0.009581493
-0.202420145
-0.259948641
0.173519790
0.164315209
-0.049319770
-0.488125116
-0.059446469
-0.115163803
0.091203809
-0.750608325
-0.012442351
0.495222479
-0.227302417
-0.273479313
0.313476562
0.185607210
0.520625710
-0.122718111
-0.250470757
-0.514831483
0.025054794
-0.009446723
0.243367985
0.212179378
-0.632879257
-0.010072175
-0.222950548
-0.299117059
0.124706671
0.328416854
0.459601909
-0.539600968
0.160533324
-0.371878028
0.262749135
0.367536098
-0.235097364
-0.476415128
-0.173160911
0.618849277
0.238724455
-0.600276172
-0.581442475
0.480620354
0.035560053
0.005585740
0.082701035
0.268326908
0.619032800
0.219549015
-0.587574542
-0.195585266
-0.248010308
0.018896967
-0.270286828
0.063057117
0.114346735
-0.104453489
0.219862342
0.125297531
-0.561102152
0.267871886
0.416697532
-0.417823911
0.399248034
0.000486208
-0.152547061
0.192696765
-0.467660725
-0.334775120
-0.013050225
-0.511881232
0.198165536
0.253802359
0.526148736
-0.082530990
-0.544271171
0.335462749
-0.260973513
-0.451392144
0.060355924
0.545332313
-0.222903773
-0.054246370
0.203973055
-0.036490839
-0.021813421
0.221532136
0.616061270
0.263131052
-0.259933352
0.218336314
-0.043256160
0.223897174
-0.361931741
-0.476655006
0.242998987
0.066038392
0.502937734
0.214443967
0.120453969
-0.357313931
-0.620449007
0.213781193
-0.460655659
-0.139032617
-0.498274863
-0.087320730
-0.461230248
-0.403653562
0.426370233
-0.270001560
0.290922999
0.602496922
-0.012755536
0.320631176
-0.427740812
0.205903590
0.638432920
0.060341116
-0.487592727
0.084137358
-0.288311183
-0.186105996
-0.101926968
0.375483543
-0.279743671
0.455426157
0.261628538
0.395224065
-0.019331113
-0.531913519
-0.306840420
0.013185775
-0.063855201
-0.131440490
0.558539927
0.455209285
-0.013868301
-0.584003627
0.013838197
-0.660155177
0.202799857
-0.326418817
0.289083242
0.032419078
-0.049625464
-0.319840461
-0.252847910
0.355714142
-0.418730378
0.477264613
0.319029421
-0.374590933
0.203772590
-0.310488373
-0.409558415
0.335529596
-0.468551934
0.690293312
0.039018013
-0.303411245
-0.005387289
0.234367341
0.057748474
-0.610357702
-0.380305558
-0.410062134
0.206547379
0.062942579
0.312363446
0.498017281
-0.413524866
0.385251939
0.135403916
-0.539517522
0.252898932
-0.517528951
0.349981576
0.256395608
-0.143572509
0.229729146
-0.565634310
0.425129175
-0.318800181
-0.246730745
0.035041001
0.046488360
-0.434212655
-0.385654837
0.120570101
-0.244776666
-0.671189666
0.438419580
0.380056381
-0.009249724
-0.512470067
-0.264632672
0.507831633
-0.229870304
0.503535509
0.313628674
-0.163564354
-0.380217910
0.250168025
-0.236071721
0.242136419
-0.420094609
0.157702759
0.264002264
0.074671611
0.049336657
0.303382307
-0.124321900
0.169724792
-0.175650120
0.174540445
-0.530468583
0.159606695
0.398969948
-0.279266447
0.029698543
-0.242023140
-0.626234293
0.271573246
0.265394419
-0.132300541
-0.385067850
0.544537961
0.019684231
0.068771213
0.567424238
-0.135415435
0.307021350
-0.645673811
-0.263491750
0.626562357
0.114481173
0.223966822
-0.071989015
0.135270745
0.123737670
0.566881895
-0.536898315
-0.066713974
-0.120991506
0.365267843
0.002082969
-0.545173585
-0.226487249
0.130665690
0.175018713
0.435994029
0.156810030
0.008157628
0.036052596
0.239192232
-0.381628096
0.251747638
-0.118457355
-0.405225009
-0.115044542
0.521176457
-0.634082913
-0.264875531
0.149835154
-0.175990045
0.456220180
-0.233989418
-0.490278155
-0.027730580
0.073470488
0.732579947
-0.071342997
-0.274503559
0.131701514
0.414812833
0.080231525
0.687404454
-0.395761281
0.344002575
-0.406062186
0.196186274
0.199417755
-0.320848823
-0.210400492
0.419310510
0.088187009
0.662041187
-0.411017358
0.183291450
-0.370836377
0.387576371
-0.254417449
-0.342819244
-0.104034297
0.381833941
-0.093978003
-0.150204971
-0.493850350
0.111472502
0.442378700
-0.144497588
-0.089224495
-0.556069851
0.489202231
-0.333497405
-0.008224378
-0.224017665
-0.323832542
-0.197507799
-0.083554596
-0.064250343
-0.442795426
0.364191860
0.328179270
0.093987353
-0.650563896
-0.422531813
0.165973768
-0.350735456
-0.326214433
-0.153612599
0.383453995
-0.209098563
0.246409163
0.408462346
-0.193048924
-0.459208310
-0.291795492
-0.220489725
0.643924773
-0.056673162
-0.013872312
0.437477231
-0.397646219
-0.507318676
-0.057374146
-0.068754956
0.108188502
0.301785946
0.222358927
-0.350003332
0.377346456
-0.448664427
0.349187762
0.446505845
-0.034599308
-0.150684059
-0.460626006
0.535638392
-0.282148451
-0.063140012
-0.491861463
-0.412535727
0.492540807
0.318586230
-0.205925286
0.390806824
0.465774596
-0.410483390
-0.225360349
0.438697278
0.054658256
-0.057455380
-0.235756755
0.246944785
0.286999345
-0.023330379
-0.157193854
-0.246492222
-0.007861360
0.031424262
0.106929272
-0.206363231
0.390971988
0.068837978
0.459498823
0.509086728
0.176721051
0.096813194
-0.221648201
0.217097893
-0.241049439
-0.105631746
-0.038748864
0.121213153
0.141328707
-0.118992142
-0.027540371
-0.223336145
0.133563012
-0.408462763
0.338247448
0.243055880
-0.100151457
-0.165189683
0.346403897
0.057508092
-0.204934657
-0.358093500
-0.212161377
-0.322676837
-0.003855204
0.445038855
-0.575497925
-0.129549697
0.497191399
-0.482822329
0.210841566
-0.220679283
0.331171960
-0.345582306
0.526829839
-0.106535457
-0.152902797
-0.231780738
-0.373131186
-0.424648315
-0.060799360
0.308472008
0.438059956
0.663004398
0.245854124
-0.430508524
0.053856816
0.700716496
-0.343635172
-0.481905878
-0.264752269
0.046948165
-0.375331432
0.079422869
0.273738950
0.369814724
0.592519164
