-0.174523383
0.288270265
-0.026347430
-0.097420000
-0.204045102
0.146319509
-0.166541845
0.147049487
-0.088054828
-0.084409200
-0.270449609
0.133833706
0.321777344
-0.261745453
0.195928484
-0.351259857
-0.473984689
-0.075707428
0.174750254
-0.582961977
0.454461336
-0.221402064
-0.366862118
0.072673894
-0.332529545
-0.396796167
0.266405910
-0.497169286
-0.406370997
0.240744576
0.126935616
0.117198974
0.057775021
-0.407827854
-0.031578243
0.359787732
0.893464267
-0.028884312
0.337432891
-0.467894346
0.124145828
0.283156395
0.791624010
-0.830840290
0.842462957
-0.368170172
-0.163393036
0.381851614
0.215470269
-0.781269193
0.729672492
-0.121807143
0.206712887
0.443968534
-0.259466171
-0.171685904
0.447092026
-0.023255559
-0.181761593
0.137473300
0.160785109
0.331884474
-0.088054948
-0.394132674
0.628342032
-0.162045836
0.767831862
-0.500432074
0.266764313
-0.019234646
0.810195446
-0.190248385
0.563856304
-1.387886643
0.348870844
0.359359443
0.893899024
0.022231514
0.127494037
-0.220997334
0.263404518
0.466040343
0.642332971
0.361076444
-0.296427041
0.121090122
-0.016077064
0.031926449
0.421523243
0.308514416
-0.082912557
0.115025289
-0.436574310
-0.257562369
0.252155066
-0.510953367
0.155780315
-0.946800411
-0.284416378
0.534915149
0.608917832
-0.544850767
-0.166448161
-0.647880256
-0.195870772
0.655214727
0.556294441
-0.359237671
-0.382791102
-0.161941156
-0.312090278
0.682948232
0.367034465
0.221905679
-0.303897291
0.342154086
-0.333970547
0.297279119
0.094373554
-0.062989280
-0.280550599
-0.328881085
-0.345405817
-0.157133013
-0.265793413
-0.527549505
-0.124584846
-0.891413689
-0.216523290
0.302514642
-0.552586138
-0.532607019
-0.266973346
-0.308815181
-0.174783215
0.460540622
-0.388662517
-0.454144090
-0.445091039
0.020892253
-0.435329229
0.284355402
-0.127546713
0.291393340
-0.163828239
0.493921161
-0.311275333
-0.341787279
-0.078460820
0.122427598
