-0.137953147
-0.116851449
0.003391297
-0.011844857
-0.012259547
0.137191057
-0.153240427
-0.030720823
0.113576598
-0.101976335
0.092932388
0.029222341
-0.095473677
-0.084355153
-0.146337196
-0.100373738
-0.013182633
0.040307909
-0.027741585
0.116770223
-0.022953596
0.052913442
-0.125097081
-0.086127095
-0.024276262
0.056898873
-0.111297838
0.046399295
0.048617233
-0.024225380
-0.012298214
-0.065148741
-0.001176329
-0.248009667
-0.066996142
-0.027436653
-0.054524273
-0.001798949
-0.164401859
0.049020469
-0.156276941
0.137286186
-0.083966233
-0.120222934
-0.055065341
0.125008270
-0.017454440
-0.023930954
0.285554737
0.162426367
-0.154445857
0.120932207
0.060811277
0.102388255
0.067544565
0.037788954
0.014191489
-0.072449461
-0.031012841
0.216185912
0.202840820
0.042999949
-0.000173231
0.056176934
-0.041928086
-0.064342245
0.075666040
0.065643713
-0.255717993
0.076233208
0.015859205
-0.106757358
-0.087045543
-0.019495912
-0.037409976
-0.121008269
-0.094841160
0.000914420
-0.065824844
0.004784276
-0.041119065
0.069910794
0.160172462
-0.225498781
0.068663172
-0.034120534
-0.079244353
0.065193549
0.096429817
0.053405982
-0.166763395
0.018708324
0.064446650
-0.029542632
0.031210264
-0.140224084
-0.004951086
-0.138655588
0.039739244
-0.007539121
0.130958542
-0.141193569
0.228122458
-0.010894425
-0.051195268
-0.021672472
0.009186322
-0.108177759
-0.014130834
-0.001850628
-0.057337034
-0.059553664
-0.044148978
0.035048537
-0.130198494
0.161394268
0.065482758
-0.020930208
0.128334165
-0.144998059
