0.062597245
0.017804166
0.154990450
0.149117395
-0.018878506
0.041781537
-0.124920942
0.016743910
0.032877326
0.004490545
0.213117570
0.067104511
-0.037290115
0.181382433
0.072776608
0.024936548
0.024930945
-0.181159973
-0.244474500
-0.026042134
0.084393077
0.186348036
0.088518366
0.180450290
-0.024676235
-0.016667748
-0.221946850
0.134221166
0.100775562
-0.050507106
0.035852872
0.029976686
0.144688576
0.035315119
-0.110871345
-0.174209639
0.217336595
-0.055900231
-0.003857310
0.199255064
0.069434829
-0.018811392
0.170463026
0.159374341
0.190609574
0.275643438
0.136717245
0.056180052
-0.084499411
-0.221433535
-0.006079519
-0.122271292
0.011699997
0.162987694
0.046456836
0.498649806
-0.145393252
-0.160892516
-0.282100797
-0.105829902
0.088762343
0.116544098
-0.214103743
0.322547376
0.058047827
-0.244368404
-0.184114456
-0.000550977
0.019638380
0.119358271
0.040836610
0.343457699
-0.159699261
-0.250036240
-0.246419370
0.232623726
0.298526347
0.030328680
-0.262593001
0.330745071
0.092238486
0.044456091
-0.077878714
-0.118530035
0.068884656
-0.118459858
0.032806046
0.304385662
-0.216151997
0.005514834
0.122699484
0.181891143
0.199423790
0.138584182
-0.240913585
-0.036101393
0.034267664
0.073841110
0.006864697
-0.041544896
0.039681092
0.168303445
0.005525996
0.027575849
-0.182701752
-0.118371904
0.061344646
-0.191280067
0.285450250
0.213259026
-0.131748274
0.135260656
-0.211902171
-0.184139848
-0.215135083
-0.072544314
0.104383968
0.055910505
0.136123598
0.105378680
-0.013537635
0.101474941
0.047940023
0.168696821
0.291515231
-0.138116598
0.136517167
-0.007762195
0.053702012
-0.193218082
-0.241174966
-0.193004400
0.288665146
0.029341621
-0.103897728
-0.199240014
0.017094564
0.068985865
-0.049081750
0.124509342
0.257068574
0.294824451
0.063599423
-0.095933802
0.125138879
-0.184381872
0.229628488
0.324043572
-0.000397128
0.292552382
0.030755946
-0.319885641
-0.170501515
-0.140508309
-0.335702538
0.179966986
-0.309060276
-0.123671189
-0.120090783
0.128853679
0.099518135
-0.182138175
-0.146379456
0.000730752
0.066881768
0.196537867
-0.127724349
0.044779845
-0.121448897
-0.191630602
-0.257698983
0.273206294
0.076615155
-0.122210823
-0.435554802
0.212300494
0.126126707
0.091164328
-0.238460630
0.014210401
-0.037963614
-0.130192742
0.008492741
-0.373393327
0.156382963
0.148060590
0.186947569
0.152706668
-0.104007557
0.269550055
0.015397514
-0.229991361
0.223118439
-0.197680071
-0.176881954
0.017799051
0.176903605
0.236663178
-0.136797816
-0.170070440
0.045747280
-0.120832585
-0.175701216
0.357331127
-0.177708194
0.169828281
-0.357434750
-0.132227078
-0.173281059
-0.284371883
-0.126089379
-0.058656186
0.093776055
-0.012931831
0.032050367
0.032705262
-0.223115385
0.186977193
0.158085123
0.034501508
0.251089513
-0.140641764
0.429087400
0.027568579
0.305469453
0.006443513
-0.250679433
-0.162007928
0.299967736
-0.046317674
0.019098664
-0.153712198
0.090736747
0.222991735
0.035930283
0.577801168
-0.110038728
0.173716620
-0.029053273
-0.257678270
0.233213633
0.172156617
0.061894301
0.466324747
0.055897415
-0.006968102
0.060128026
-0.381843895
0.497592211
-0.104695119
0.099408709
-0.120729163
-0.100802362
0.263365626
0.208498254
0.175278723
-0.038143687
0.035913661
-0.389988393
0.393576562
-0.010289320
0.165470615
-0.214252859
-0.420602232
0.118034489
-0.105618760
0.143884584
0.422349393
-0.050900035
0.097725555
-0.165880084
0.262518466
-0.169825867
0.006566399
-0.093080364
-0.232883349
-0.079708412
-0.106286250
0.101038538
0.053319354
0.119995721
0.261561871
0.174487039
0.208217889
0.126385003
0.241058901
-0.103804246
-0.245287552
0.338638961
0.231205210
-0.206158727
0.035415016
0.158431381
-0.035011180
0.022193182
0.006840612
0.241199851
-0.090329342
0.040319886
0.334829122
0.012042640
0.020949794
-0.191798046
-0.060540527
-0.241642118
-0.365958661
0.024085537
0.109958366
0.055498760
-0.193050757
0.011476167
-0.078834474
-0.396162927
0.145408899
0.076882891
0.290883124
-0.104134321
-0.022370763
0.031005327
-0.076336130
0.185179979
0.416918963
-0.165248170
0.041677196
0.349090099
-0.104199894
-0.054138340
0.011839164
-0.215176225
-0.015455208
0.057499979
0.066597372
-0.124182917
-0.052337576
0.180174738
-0.445554376
0.193656623
0.236277983
0.040755481
0.320286393
0.009002026
0.010319108
0.196974367
-0.318124264
-0.161507696
-0.058465380
0.126539677
-0.671508789
0.092841983
0.244267881
0.156898871
0.183987379
0.199086085
0.398964196
-0.407516032
0.292177409
0.083433934
0.016330793
-0.152139693
-0.370855123
0.153449520
0.141278177
0.264012516
0.100359723
0.049800791
0.262034863
0.149782538
0.052416563
-0.145044520
0.199798614
-0.131299853
-0.313554645
-0.203846484
0.074729055
0.239393622
0.151506439
-0.571646154
0.161519527
-0.045700416
-0.098101310
-0.049173091
-0.195634410
-0.295551926
-0.180483535
0.519145668
0.356261790
-0.070317417
0.163635358
0.312893659
0.114008419
0.279210597
-0.224431038
-0.183787614
-0.264884233
0.164721310
-0.291986734
-0.061994825
0.040964831
0.061047781
-0.066164851
-0.162993819
-0.339040995
0.009400479
-0.223825574
-0.048753425
-0.207025647
0.035526738
0.184904382
-0.205597505
0.255155206
0.149652317
0.351787001
-0.088170141
-0.169631720
-0.179868668
0.008964274
0.172123015
0.054576300
0.080790482
0.160093337
0.463436067
-0.102474533
0.066054910
-0.469614089
-0.214446142
-0.184021324
0.235048130
-0.165419608
-0.208909452
-0.105045110
0.311752141
-0.123978049
0.249786541
0.233927861
0.098537579
0.175308913
-0.161498308
-0.147702619
0.276697844
-0.047757190
-0.139773428
0.000385638
0.139704093
-0.127845481
-0.231776983
0.003775819
0.047477331
-0.083763920
0.328120172
0.380526930
-0.067097239
0.293229371
0.273035556
0.037443478
0.138772354
-0.329140186
-0.263615251
0.001158601
0.372584760
-0.358935505
-0.072573133
0.001085119
0.177044600
-0.093886256
-0.186551422
-0.302819103
0.101174846
-0.329900354
-0.141202107
-0.030465180
0.016214289
0.119646095
0.250002205
-0.321222305
0.085963622
0.252202481
-0.033310078
-0.300483286
-0.031653922
-0.068884388
-0.176524609
-0.181250468
0.247955382
-0.013091758
-0.227190435
0.094666488
0.065536283
-0.129382879
0.153098255
-0.109823443
-0.063494936
-0.294483930
0.102061793
-0.018505061
-0.253375798
0.216441810
-0.037375193
0.126415908
-0.245113894
0.163513616
-0.000577014
-0.040593654
-0.005864371
0.058651973
0.032852173
0.040435858
-0.111769333
0.181286737
0.099894941
0.000620687
0.151130781
0.046301421
0.057390716
-0.141663462
-0.024815386
-0.260387123
-0.017232822
0.135114595
-0.139072374
-0.026848963
0.087999299
0.039822832
-0.266812742
-0.013861280
0.213706121
-0.076259091
-0.414610028
0.436962664
-0.017775288
-0.023897033
0.189652696
0.031074157
0.152101770
0.032467458
0.015187311
0.449713826
-0.308903426
-0.165240780
0.157184526
-0.189751685
0.203561425
-0.000486356
0.378718346
0.137216270
-0.148698658
-0.051820297
0.029470572
-0.093997449
0.156267017
0.211331397
0.109511621
0.103319146
-0.368593544
-0.314557076
-0.141435400
0.254229516
0.063096635
-0.360142410
-0.045815192
0.254537612
0.271084905
0.007982300
0.075027786
-0.074549161
0.192688942
0.188173160
-0.095408738
-0.036896836
-0.146873429
0.171765134
-0.151084766
0.035491299
-0.078346275
0.105415136
-0.233142838
0.064842202
-0.177303672
-0.075697698
0.033905152
-0.002127771
-0.086506933
0.343285292
-0.108576208
-0.136277318
-0.358292848
-0.360716701
-0.265264690
-0.113959461
0.218461633
0.071572557
-0.235029250
0.218065858
-0.188620761
0.223963946
-0.152124405
-0.006447728
-0.039373118
-0.026119115
0.033033844
0.110329404
-0.250310898
0.072486944
-0.008525596
0.021252459
0.305874765
-0.276832312
-0.132766277
0.001032628
0.048615720
-0.035919879
-0.132380545
0.143911257
0.072255246
0.302402318
-0.085255213
-0.413939685
-0.130106479
-0.225485384
-0.209634155
0.316738725
-0.026764661
0.086853601
-0.420752198
0.298618913
0.151183844
0.220759764
0.480681241
0.290326118
0.153772339
-0.027442900
-0.208682895
0.205453143
0.282474250
0.057250790
0.091959998
0.078589499
-0.335494816
-0.174777731
0.681078315
-0.347892553
0.073872618
0.136200041
0.149464205
0.074059479
0.282644600
0.145781249
-0.150776237
0.064265452
-0.233369112
-0.302776486
-0.049991060
0.302854985
-0.140595376
-0.345261157
0.125277281
0.040022291
0.034295332
-0.081756033
-0.005986841
-0.142711967
0.024140907
0.014643672
0.001675571
-0.598215044
0.381033689
0.105323143
-0.290901572
0.192684129
-0.459215283
0.090782270
-0.473602653
0.289297879
0.023243474
0.267316282
-0.022539983
0.211894676
0.118470922
0.155373946
-0.220107093
-0.548093736
0.292240381
-0.413874030
0.066667221
0.338025719
-0.086258888
0.083544292
0.102848932
0.096383072
-0.220308319
-0.029615840
-0.080959588
-0.034641646
-0.106427677
0.063998409
-0.082270294
-0.059615090
-0.454080582
0.243713230
-0.093945809
0.399428904
-0.008883824
-0.225847214
-0.313603729
-0.040529128
0.115086019
0.408768892
-0.110326886
0.223956481
0.128945872
0.042386748
0.006899629
-0.592218459
0.438215107
-0.333079308
0.262634516
0.181676239
0.018674321
0.133983091
0.028526070
0.323471218
0.228483573
-0.464432478
0.332915992
0.162625745
0.056077115
-0.188260078
0.368848115
0.284058303
0.515285552
0.147523433
-0.065972507
-0.194688275
-0.211401924
-0.242303982
0.327523917
-0.312977672
0.116408288
-0.042174023
0.163758621
0.059496943
0.171098471
0.128449678
-0.196969792
-0.060831875
0.139304936
-0.063584507
0.149416268
0.166107744
-0.291363686
-0.207590893
0.252823591
-0.115793020
-0.210303962
-0.043243308
-0.171100691
-0.178493187
-0.062973790
-0.056217011
0.274038702
-0.562972546
-0.128990188
-0.226675302
-0.095176324
-0.032856934
0.211428702
0.512099266
-0.478773028
0.511798203
0.089141294
0.173069105
-0.027954482
0.183600247
0.255284488
0.053027462
0.098436192
-0.374516577
0.178119019
-0.257684499
0.212963089
-0.294905454
0.190306485
0.260898411
0.350013852
0.130277783
-0.126582846
0.071109951
0.182540432
-0.149335027
-0.115674958
-0.020748446
0.012371798
0.012131119
-0.399868011
-0.031640016
0.012418577
0.431428879
-0.229998514
0.030067436
-0.342527777
0.075637944
0.145594180
0.694586635
-0.106551796
0.285746843
0.352466613
-0.054802231
-0.083679192
-0.517656982
-0.196607143
-0.063271999
0.255921304
-0.256024808
0.156083941
0.437102735
0.249734417
0.042362604
0.323124379
-0.479744941
-0.000833197
0.112946585
-0.096155062
-0.010214400
0.238855228
0.441834480
-0.195448801
0.161151677
-0.169510484
-0.286204249
0.133693606
-0.469812989
-0.094993941
-0.206556186
0.209755778
-0.064270474
-0.013864757
0.153284460
0.078042686
0.104787990
0.123927303
0.067042142
0.049206130
0.213784188
0.036186505
0.188384876
0.100116514
-0.012766872
0.031820547
-0.213226378
-0.220614463
0.808889389
-0.172809377
-0.247922584
-0.104162648
0.270017743
-0.175209925
-0.301594317
-0.483960688
-0.198260710
0.076916464
0.013202462
0.450456589
0.709048390
-0.129491150
0.301095337
0.196299285
0.299802750
0.114596345
0.402432829
0.458228648
0.165843427
0.163109913
-0.278324783
-0.023434630
-0.086912192
0.166982859
-0.208918497
-0.097659320
0.179521337
0.149658516
0.038240589
-0.146564275
-0.180136025
0.021518260
-0.254784822
-0.277995020
-0.182184353
0.216315955
-0.088805616
-0.220412061
-0.157029361
0.173571393
0.243704051
-0.176465154
0.023180244
-0.096200734
0.201939210
-0.055243924
0.359459221
0.214231148
0.475428551
0.321882010
-0.205928758
0.187257156
-0.465628147
-0.034490444
0.137919307
0.320987731
-0.021547485
-0.169577017
0.023691660
0.228177637
-0.084362686
0.194028512
-0.019616175
-0.089810953
-0.332438409
-0.434525460
-0.147353664
0.132655680
0.158897892
0.054428529
0.052762512
-0.117170259
0.391744763
0.059815440
-0.032888193
-0.080416381
-0.152181879
0.235160097
0.171223909
-0.058341466
0.091933534
0.073018789
-0.086484231
0.079464279
0.103176162
-0.326529384
0.270715892
0.112980962
0.322591931
0.037756521
0.265240461
-0.098448172
-0.277504265
-0.185819030
0.412084609
0.123897634
0.044109844
-0.122839607
0.104384556
-0.094513573
-0.011059339
0.256460279
-0.099773794
0.185358599
-0.012874582
0.006079960
0.526612043
0.316730082
0.119124368
-0.194275811
0.008798311
0.043445505
-0.068772554
-0.099615343
0.160872802
0.062720664
0.223112062
-0.153025776
-0.542100370
0.109971084
-0.288315296
0.335917890
0.021717647
0.213576391
0.174893498
0.153439566
0.153796151
-0.210824803
0.144103765
0.045666523
0.247548208
-0.005580507
-0.087599292
-0.161854222
-0.211930171
-0.280525506
-0.088733450
0.156414837
0.080787778
-0.150892168
0.428131908
0.116284363
-0.006097194
0.076575585
-0.033272132
0.364911616
0.023570579
-0.068103611
0.090581261
-0.317083091
-0.665054083
0.052390277
-0.082284510
0.261456698
-0.182366535
0.384490281
0.270319462
0.061360832
0.086969197
0.007212624
0.116124429
-0.246334895
0.104717314
-0.188544109
0.369551986
-0.071216024
0.400551081
0.188654721
0.140685111
0.238264784
0.339968413
0.014095426
-0.333401203
-0.301248878
0.249704614
-0.106413513
0.001730268
-0.294681430
0.046722770
-0.153907940
0.411428660
-0.470150173
-0.009652302
0.211508140
0.236070812
0.379110962
0.001216447
-0.171538427
-0.353567243
0.271214634
-0.057626992
0.168461755
-0.158492967
0.649456978
0.086522549
-0.527590394
0.127604663
-0.009619216
-0.426659107
-0.018806480
-0.023914764
0.084656663
-0.069055505
0.257602394
0.263855159
0.080366500
0.088785313
0.263127506
0.216919899
0.351809174
0.405680031
-0.215207636
0.136541337
-0.201703817
-0.355692655
0.153737143
-0.000858670
0.147839561
-0.092575602
0.702365339
-0.238261372
0.189593077
0.353259385
-0.305334598
-0.050274491
-0.104218177
0.197246075
0.186464414
-0.162668124
-0.410612702
-0.082454309
-0.002386722
0.077139109
0.255245477
-0.040862165
-0.121976048
0.289888769
0.325590044
0.021031177
0.238777652
0.183574364
0.384517610
0.003487925
-0.226454899
-0.112651624
0.030043030
-0.440290451
0.033499662
0.276265919
-0.158364609
-0.214859024
0.611084938
-0.225854620
-0.450773031
-0.001486722
-0.010070983
0.065392919
-0.502334476
0.129967108
-0.396771580
0.140828714
0.654800594
0.718780220
-0.272367418
0.047550134
0.060962506
0.249133721
-0.268900305
-0.624027312
-0.282083362
0.129640266
-0.102857813
0.038293742
-0.239362791
0.118321665
-0.432745457
0.475999296
-0.035491358
0.354030758
0.195501283
0.170836717
0.144328013
0.077136353
-0.032817341
-0.834242642
0.326346278
-0.158930644
0.203372017
-0.239902198
0.664559960
-0.102608971
0.273283064
-0.169449508
0.248719081
-0.400575697
-0.088938102
-0.184935138
-0.265118480
-0.064715199
0.435549527
0.142413497
0.329859823
0.066579267
0.333850473
0.350105345
0.302027792
0.255339384
-0.100277774
0.077581666
0.652911961
-0.041734148
-0.026205629
0.017762139
-0.197378352
-0.139643237
0.839877248
-0.501508653
0.136200815
0.067657627
-0.230288461
0.160446018
-0.049208153
0.217682809
0.106249109
-0.298885077
-0.375370026
-0.106418014
0.212606758
0.342952609
0.061048318
-0.039327510
-0.158136964
0.118829459
0.725989819
-0.024734750
0.025527533
0.424798578
0.378478110
0.095651798
0.334961236
-0.080689251
0.276311308
-0.272755861
-0.054185536
-0.028664477
-0.041402929
-0.324891567
0.423646986
-0.278015584
-0.037677910
-0.049030218
0.103341058
-0.148926258
-0.450795770
-0.383685470
0.381856948
0.002043661
0.183456063
0.245856956
0.024336267
-0.102169491
-0.168808147
-0.195456252
-0.457667738
-0.298088521
0.004592786
0.027540766
0.051781271
0.032235663
-0.231098443
-0.092218578
-0.002203639
0.328839064
0.186651736
0.190727860
0.096871540
0.007927465
-0.339258820
-0.368875831
-0.223638609
-0.726897180
0.632405281
-0.403028756
0.247213483
0.181474626
0.454381883
0.015907699
0.516718864
0.097149007
-0.254098475
-0.412093014
0.039877176
-0.089140624
-0.428850532
0.026546402
0.319909304
0.302332044
0.405800849
-0.355916530
-0.066704176
0.638661206
0.269886225
-0.048739191
0.195912793
0.246002212
0.043199304
0.103714347
-0.280499876
-0.256322682
0.025789024
-0.420369327
0.197688684
-0.303438634
-0.044148836
0.175673172
0.007515031
0.043173004
-0.092854939
0.144581094
0.101957388
-0.207232744
-0.176141739
-0.091296680
0.325967640
0.266072035
-0.252173513
0.070588939
-0.084748417
0.437816054
0.549164772
-0.048379838
-0.223034844
0.713385463
0.219135121
-0.003562779
-0.120089114
-0.009728379
-0.268713593
0.140418187
-0.042013042
0.030542050
-0.030163087
-0.081305340
-0.198233098
-0.233545765
0.029981729
0.006806554
0.132775411
-0.400245041
-0.369546026
-0.082388431
0.060480233
0.032494277
-0.371965468
0.027848762
0.239775419
0.199900165
-0.114332058
-0.277475804
-0.155434608
0.173483983
0.227219373
-0.232160434
-0.080762818
-0.098110616
-0.091858618
-0.224372134
0.362277567
0.231678665
-0.316649973
-0.061556011
0.255590409
0.162859395
-0.475900680
-0.409788698
-0.365943342
-0.402610689
0.223286286
0.152964085
-0.134712636
0.324405998
0.105742492
0.625525296
-0.374029160
0.187736452
-0.101314597
-0.081013486
-0.245340586
0.234439030
0.236968592
0.332820475
0.124739759
-0.064615890
0.157645315
0.079464488
-0.135751888
0.019654701
-0.061345190
0.043249723
-0.082827523
0.229822934
-0.220523864
0.261155456
-0.188110083
0.289066046
0.103539035
-0.336623996
-0.175484255
-0.348337948
-0.012729677
-0.118776016
-0.065390185
0.089850143
-0.113771603
0.170038462
0.111090474
-0.107597172
-0.192629382
-0.120265551
0.269819260
0.127501130
-0.239458814
0.064611427
-0.203158036
0.257799596
0.223139927
0.315316677
-0.174985915
0.204511136
-0.070523575
-0.196961984
-0.114714697
-0.053041779
-0.285734951
0.295170397
-0.092345074
0.185701311
-0.125278562
0.005605736
-0.145861268
-0.242584750
0.094248027
0.329084277
0.008160966
-0.341815561
-0.187803447
-0.057389259
0.451039135
-0.093571231
0.124354675
-0.498877615
0.170058772
0.117576718
-0.023761464
-0.112478688
0.193476290
-0.019130472
0.244167760
0.117263660
-0.227089211
-0.145562962
-0.248018414
-0.111644603
0.486618578
0.113747306
-0.427781731
-0.389186203
0.316491932
0.403039813
-0.401544273
-0.066073850
-0.077818371
-0.188676506
0.001488526
0.563537538
-0.248851031
0.289174855
-0.249311611
0.104943596
-0.239271387
0.351337910
0.021207498
0.057165060
-0.352130800
-0.067751743
0.327735662
0.479733318
0.103193149
-0.358693123
-0.236152172
0.015588481
0.120922364
0.177765161
-0.267958760
0.037970647
0.181311488
0.267104030
-0.296172500
0.141043946
0.297413886
0.102335148
0.093517900
-0.103266224
0.196414232
-0.314970225
0.032468971
0.154907957
0.096523874
0.090464100
0.104110956
0.054383721
0.253144801
-0.155322254
-0.265736997
-0.186948627
-0.238834068
-0.129049391
0.030925196
-0.060752764
0.196411699
0.322747380
-0.417179465
0.033051167
0.264925927
0.354481936
-0.162773132
-0.061049953
-0.064427733
0.216065466
-0.081332102
0.471097142
0.221651450
0.104933977
0.319239467
-0.042177230
0.244369090
-0.413370937
0.120478079
0.092904270
-0.159853071
-0.252397418
0.178408012
0.365514785
-0.586776972
-0.129790768
0.070473790
0.001778555
-0.134527922
-0.094182700
0.068381295
0.032270391
-0.303881407
0.200097889
-0.073825106
0.322794676
-0.517292798
0.031835306
-0.389632821
0.407362133
-0.080800667
0.066050991
-0.259417862
0.439092010
-0.089003891
-0.072682738
0.040103644
0.181873277
-0.334050983
-0.267654210
-0.222891435
-0.135248125
0.415507942
0.196364209
-0.232197672
0.075413585
-0.345253348
0.325609803
0.155440003
-0.001917066
0.157037392
0.196480274
0.255326837
-0.187408641
0.021974970
-0.233861968
-0.436250687
0.136068627
0.255021363
0.238913476
-0.415351897
0.403485775
-0.766541719
0.303558707
0.003002723
0.399239570
-0.036906991
0.216665909
0.201771542
0.031453542
0.137520626
-0.533878505
0.158905223
0.195088342
0.001643869
0.076551668
0.205726981
0.163546577
0.252426922
-0.175899744
-0.366820186
-0.039490443
0.113897480
-0.153177038
0.056047384
0.033987653
0.071042135
0.261790395
-0.297147274
0.134716988
0.329330772
0.349702537
-0.300313383
0.111460134
-0.298334867
0.269597650
0.397539377
0.619711518
-0.127880141
-0.002724383
0.121430784
0.105634913
0.156843692
-0.856150329
-0.218187153
0.146990657
-0.361791253
-0.666619003
0.057042647
0.172764719
0.011390230
-0.225660264
0.504030228
-0.090792425
-0.225074455
0.216789871
0.170614570
-0.069866136
-0.586593390
0.191501394
-0.389458686
0.235280752
-0.479464799
-0.161194533
-0.296052724
0.477003336
-0.297991306
-0.024520572
0.041929077
0.343740046
0.001108886
-0.032788768
0.178151995
0.173632100
-0.454576612
-0.104904756
-0.230699688
-0.029340319
0.399475753
0.277940482
-0.070463210
-0.292480081
0.454023093
0.226853266
0.477810383
0.422109455
0.015674325
0.066140443
0.072932124
-0.021944392
0.146589115
-0.320074916
-0.180346057
0.058844060
0.267097652
0.088773705
-0.282024771
0.087486416
-0.038014419
0.138611183
0.404379517
0.263507217
-0.149380669
-0.127686411
0.147278339
-0.073529504
-0.100663625
-0.581059217
0.278859675
0.087212980
-0.117530957
0.110044010
0.017258380
0.239277273
0.241452560
-0.170320705
-0.257721484
-0.218151003
0.196679056
0.099135943
0.020897029
0.142520517
-0.057569757
0.287134856
0.030700037
-0.209835604
0.414198309
0.222568303
-0.343059331
-0.090557486
0.212139845
0.262163877
-0.225409999
0.138439551
0.050424937
0.039534334
-0.166600168
-0.179159686
-0.240635976
-0.463282764
-0.406997055
-0.145155534
-0.336578369
-0.442565918
0.144918084
-0.377038151
0.565822124
-0.354890287
-0.263590455
-0.021391941
0.172567874
0.246035114
0.208347440
-0.204499751
-0.042386755
0.604716301
-0.306146353
0.222956717
-0.462218702
-0.500435770
-0.253450245
-0.097964853
0.234111056
-0.203979626
0.146947369
0.228316635
0.273551047
-0.106095083
-0.027920885
0.048904281
-0.157046288
0.253691882
0.020313505
-0.255756706
0.826433897
0.621212721
-0.034551896
-0.406209677
0.205259129
0.183373302
-0.331858128
0.106608048
0.038621917
-0.067570932
-0.244149089
-0.067305766
-0.041845821
-0.184659988
-0.036656983
-0.364376754
0.260052323
-0.057090748
-0.281451046
-0.345591396
0.109749332
0.091747381
-0.207691237
0.098556817
-0.008047701
0.134854123
-0.140933022
-0.234089732
-0.075939246
-0.125828028
0.067522213
0.154266492
0.137559801
0.072255202
0.185653314
0.326033235
0.049358476
-0.178318009
-0.068868510
-0.049179595
0.099908791
0.033522442
-0.104172744
0.297571898
-0.072471745
0.031059437
0.340666801
-0.082699232
0.326263487
-0.028723624
-0.300216496
-0.094032884
0.315129936
-0.076368943
-0.288362056
-0.170194000
0.121275567
0.235361874
-0.400470018
-0.103209175
-0.134454638
-0.141868606
-0.448423445
-0.112037055
-0.301486582
-0.343116492
0.034752507
0.086217552
-0.125832781
-0.019819135
0.019080926
0.055902705
0.276963562
0.067599885
0.230503812
0.095994890
0.126607195
0.023225872
-0.152405366
-0.186730355
-0.019411711
-0.466281116
0.127068058
-0.179799333
0.430595696
-0.161968887
-0.041076016
0.010158733
0.602588654
0.101911359
-0.231413960
-0.113674335
0.005171487
0.333835304
0.317266196
0.065558009
0.646632135
0.259912163
-0.084540851
0.528890789
-0.178020090
0.097745113
0.004864000
-0.162804618
-0.146206722
0.034893710
-0.310140967
0.223922268
-0.177918747
-0.241717175
0.027857168
-0.015836306
0.173746243
-0.341465265
-0.105099089
-0.060635123
0.280796707
-0.172769502
-0.217872828
-0.195897073
0.041866854
0.307259500
-0.229293421
-0.392333359
0.170885101
0.036965340
0.027519286
0.017680865
0.033274490
0.072134480
0.133254379
0.232229784
0.087628715
-0.009202414
-0.102508336
-0.005035158
0.107426047
0.099715412
-0.246117190
0.209172666
-0.057554651
0.183455974
0.306555569
0.289311230
-0.049285211
-0.067905761
-0.207538307
-0.069404453
0.393163085
-0.005216622
-0.373614877
-0.511352420
0.046959102
0.230351463
-0.406824708
0.077377446
0.245792985
-0.006170254
-0.140008330
0.069320805
0.128565788
-0.098999083
0.116317973
0.289215505
0.272684813
0.128148943
0.278189182
-0.169060007
0.068987913
-0.103380546
0.175173312
0.188768014
0.080341868
-0.559136808
0.217484847
-0.024991015
0.068425916
-0.286330491
0.102540739
0.223037019
0.624404788
0.076403663
-0.107602336
-0.207273230
0.507960081
0.096744776
-0.167662561
-0.176427573
-0.066083841
0.045345150
0.283510238
0.397269994
0.220586389
0.320579052
-0.445182860
0.070776999
0.117622286
0.079574898
-0.250148475
-0.477848798
-0.277197987
-0.005286465
-0.100211240
0.321259409
0.101367027
0.060832534
0.185351789
0.115749054
-0.432594776
0.160982475
-0.163928539
0.112208411
-0.106032446
0.092779614
-0.376903832
0.336415946
-0.203889817
0.016916521
-0.031632949
-0.003345121
0.025010837
-0.151244238
-0.216183871
0.197901040
0.151431754
0.114610836
-0.004801210
-0.036127411
0.296270311
-0.062110245
-0.061340947
0.345716804
0.174713299
-0.119377963
-0.058136169
0.101725526
0.300561786
-0.022184165
-0.046575058
0.191243157
-0.502312243
0.219195738
-0.196112588
0.175483748
-0.257134616
-0.042628188
0.090330280
0.506792367
-0.211883709
-0.148860335
0.035628859
0.078464769
-0.162111342
-0.026369769
0.117057875
0.035693504
0.209195331
-0.229736611
-0.049766153
0.191088811
-0.501772881
-0.007442922
-0.010759143
-0.468503445
0.057113726
-0.001791593
0.202151641
-0.083305262
-0.370515615
0.151408762
0.222216487
0.040568985
-0.219766930
-0.236986727
-0.010590211
0.195236981
-0.223035812
-0.000000889
-0.272301942
-0.272137046
-0.012947462
-0.169600621
-0.001312374
0.052873973
-0.053834900
-0.002968823
-0.057128243
0.087700002
-0.007582207
0.337446362
-0.265887558
-0.008055417
-0.029215436
0.166718960
0.402233809
0.233713642
-0.090074159
0.019896582
0.078261554
-0.167715713
0.083655536
0.025589388
-0.164559737
-0.029959176
-0.581705868
-0.013277779
-0.235776320
0.353627294
-0.516386509
-0.108409047
0.043380454
-0.138762727
0.001078633
0.194106773
0.141545460
-0.108355664
-0.306846142
-0.188575074
0.229500636
0.120873384
0.110551082
0.169291377
0.155983597
0.077893831
0.118670672
-0.059960622
-0.244678468
0.193590343
0.146514833
-0.154846966
-0.281468332
0.053292964
0.250428170
-0.114936329
-0.274191231
0.174876347
-0.859191239
-0.195707038
-0.091608472
0.217832699
-0.176573947
-0.029367669
0.305919886
0.365515172
-0.058828920
0.055655185
0.102454253
0.064364642
-0.108978547
0.014404906
-0.111172833
0.197170869
0.104781613
-0.191769734
0.106510691
0.003231877
0.305514097
0.010143848
0.327282935
-0.266336739
0.306692570
0.140637815
0.064141497
-0.028731477
-0.004823100
0.113026068
0.130779549
0.177780032
-0.485711724
-0.403673023
-0.028389320
0.319847792
-0.061891541
0.103859276
0.159154236
-0.226263225
0.062919028
-0.022500530
-0.019575048
0.088174455
0.027765445
-0.003449917
-0.246508062
-0.066504315
-0.496847570
0.102521889
-0.008678147
-0.176871687
0.339206904
0.186435670
0.260714471
0.400174111
-0.273193121
0.047707822
0.037746403
0.173038766
0.001972045
0.414938956
-0.265767217
0.069711350
-0.257769138
-0.351447314
0.011508811
0.119166888
-0.020553146
-0.016226377
0.229205579
0.074696817
0.096526310
0.104374394
0.149507225
-0.124118164
-0.041382961
0.169759378
0.202898771
0.008742633
0.098075226
-0.016479181
0.074241593
0.371642560
0.137289703
-0.085653424
-0.165720850
-0.031550761
0.166125283
-0.017514799
-0.264958173
0.076824754
0.185620263
-0.087697580
-0.204774708
-0.134922966
-0.380901515
-0.443647802
-0.064908050
-0.213141933
0.329577774
-0.300510824
-0.118077472
0.255743206
0.347036332
-0.036885496
-0.103081308
-0.216527849
0.229780406
0.181301281
-0.024597585
0.042660099
-0.256332010
0.048855778
0.235189587
-0.468788594
0.170238897
0.179174811
-0.261778742
0.048832510
-0.180294991
0.248968244
-0.007111229
-0.198213294
-0.190439478
0.018784545
0.187124506
0.090085745
-0.675806105
-0.029820763
0.328310013
-0.207965568
0.410358191
0.112289399
-0.006578217
-0.094257347
0.020636713
-0.042952083
-0.275109798
-0.167092726
0.063711330
0.083946548
-0.259429097
-0.328906387
-0.257481694
-0.041368827
-0.069074951
-0.371825784
-0.096125215
-0.200617701
-0.060502499
0.097932234
-0.085204124
0.012833732
-0.050719757
-0.040854365
0.172256887
0.236109644
-0.219058022
-0.357230186
-0.250542641
-0.228535339
-0.070783846
-0.459268123
0.137483805
-0.299292028
-0.032026507
0.133677706
0.174604580
0.080673657
0.105907723
-0.421943337
0.100232378
0.238143250
0.215284958
0.205891073
0.109534554
-0.071094349
0.030070089
0.181308493
0.067978978
0.055924434
-0.172726259
-0.228195220
0.032208215
0.160966575
-0.142317325
0.225217670
0.199926600
-0.091736376
-0.018256322
-0.447878182
0.080643021
-0.455396891
0.064217195
-0.125003278
0.233627424
-0.241816282
0.050859906
-0.019227603
0.483182520
0.034247059
-0.165349618
-0.434026510
0.237644494
0.209854618
0.067772500
-0.086119205
-0.291537881
0.114730842
-0.057431161
0.067364894
-0.081766613
0.220378473
-0.141096607
0.205909029
-0.307878196
0.072517566
0.042139269
0.126218751
-0.382185102
-0.461466581
0.066624731
-0.185504898
-0.613037646
0.000171680
0.272701889
-0.205508992
0.257875592
0.095155500
-0.070176519
0.263387710
0.059568118
-0.016696120
-0.198936835
-0.135182664
-0.167905912
-0.229521841
-0.040463377
-0.254449546
0.303210825
-0.228656471
0.033639871
0.325555652
0.114526302
-0.170724809
0.008356144
-0.057964973
0.281284600
-0.097691037
0.012251955
-0.000369369
0.330807418
-0.080931917
-0.148297161
-0.151250318
-0.013305359
-0.142915353
0.276737303
0.122177392
0.162119985
-0.295468956
0.192480952
0.071292937
0.061497521
-0.138605475
0.008520266
-0.428025484
-0.119422674
-0.295057833
-0.043381490
0.114368774
0.106036179
-0.045105614
0.043710086
0.199526742
0.002399859
-0.093541712
-0.122190744
0.051677294
-0.251440048
0.003328227
-0.154664904
0.026850929
0.146119490
0.048435554
0.270112336
-0.098032504
0.164478123
0.085413665
0.025582675
0.214380130
0.546593904
-0.118689559
-0.004439956
-0.222821951
0.265575737
-0.127159372
-0.224094093
-0.204255104
0.007413447
-0.190720007
-0.191723987
-0.060979191
-0.084690489
-0.269758880
-0.225666761
0.425197154
-0.024618596
0.096924193
-0.170289472
-0.255969852
-0.050095037
0.186929330
-0.058073413
0.528683364
-0.109226570
-0.123491853
0.123335473
-0.253859133
-0.325700700
-0.176024824
-0.064395808
0.237071306
0.315272212
0.287079096
-0.143707976
0.128231347
0.108460724
-0.080052070
-0.194536328
-0.094658092
-0.184566766
-0.157236829
0.190605074
-0.124643631
0.690599799
0.001568335
-0.141876549
0.236972377
0.186745539
-0.015671445
0.111794814
-0.477528006
0.350247353
-0.218843520
0.016632214
-0.041624956
0.325460374
-0.003442956
